1
1.01
1.0201
1.0303
1.0406
1.05101
1.06152
1.07214
1.08286
1.09369
1.10462
1.11567
1.12683
1.13809
1.14947
1.16097
1.17258
1.1843
1.19615
1.20811
1.22019
1.23239
1.24472
1.25716
1.26973
1.28243
1.29526
1.30821
1.32129
1.3345
1.34785
1.36133
1.37494
1.38869
1.40258
1.4166
1.43077
1.44508
1.45953
1.47412
1.48886
1.50375
1.51879
1.53398
1.54932
1.56481
1.58046
1.59626
1.61223
1.62835
1.64463
1.66108
1.67769
1.69447
1.71141
1.72852
1.74581
1.76327
1.7809
1.79871
1.8167
1.83486
1.85321
1.87174
1.89046
1.90937
1.92846
1.94774
1.96722
1.98689
2.00676
2.02683
2.0471
2.06757
2.08825
2.10913
2.13022
2.15152
2.17304
2.19477
2.21672
2.23888
2.26127
2.28388
2.30672
2.32979
2.35309
2.37662
2.40038
2.42439
2.44863
2.47312
2.49785
2.52283
2.54806
2.57354
2.59927
2.62527
2.65152
2.67803
2.70481
2.73186
2.75918
2.78677
2.81464
2.84279
2.87121
2.89993
2.92893
2.95822
2.9878
3.01768
3.04785
3.07833
3.10911
3.1402
3.17161
3.20332
3.23536
3.26771
3.30039
3.33339
3.36672
3.40039
3.4344
3.46874
3.50343
3.53846
3.57385
3.60958
3.64568
3.68214
3.71896
3.75615
3.79371
3.83165
3.86996
3.90866
3.94775
3.98723
4.0271
4.06737
4.10804
4.14912
4.19062
4.23252
4.27485
4.3176
4.36077
4.40438
4.44842
4.49291
4.53784
4.58321
4.62905
4.67534
4.72209
4.76931
4.817
4.86517
4.91383
4.96296
5.01259
5.06272
5.11335
5.16448
5.21613
5.26829
5.32097
5.37418
5.42792
5.4822
5.53702
5.59239
5.64832
5.7048
5.76185
5.81947
5.87766
5.93644
5.9958
6.05576
6.11632
6.17748
6.23926
6.30165
6.36466
6.42831
6.49259
6.55752
6.6231
6.68933
6.75622
6.82378
6.89202
6.96094
7.03055
7.10085
7.17186
7.24358
7.31602
7.38918
7.46307
7.5377
7.61308
7.68921
7.7661
7.84376
7.9222
8.00142
8.08144
8.16225
8.24387
8.32631
8.40957
8.49367
8.57861
8.66439
8.75104
8.83855
8.92693
9.0162
9.10636
9.19743
9.2894
9.3823
9.47612
9.57088
9.66659
9.76325
9.86089
9.9595
10.0591
10.1597
10.2613
10.3639
10.4675
10.5722
10.6779
10.7847
10.8926
11.0015
11.1115
11.2226
11.3348
11.4482
11.5627
11.6783
11.7951
11.913
12.0322
12.1525
12.274
12.3967
12.5207
12.6459
12.7724
12.9001
13.0291
13.1594
13.291
13.4239
13.5581
13.6937
13.8307
13.969
14.1086
14.2497
14.3922
14.5362
14.6815
14.8283
14.9766
15.1264
15.2776
15.4304
15.5847
15.7406
15.898
16.057
16.2175
16.3797
16.5435
16.7089
16.876
17.0448
17.2152
17.3874
17.5613
17.7369
17.9142
18.0934
18.2743
18.4571
18.6416
18.828
19.0163
19.2065
19.3986
19.5925
19.7885
19.9864
20.1862
20.3881
20.592
20.7979
21.0059
21.2159
21.4281
21.6424
21.8588
22.0774
22.2981
22.5211
22.7463
22.9738
23.2035
23.4356
23.6699
23.9066
24.1457
24.3871
24.631
24.8773
25.1261
25.3774
25.6311
25.8874
26.1463
26.4078
26.6719
26.9386
27.208
27.48
27.7548
28.0324
28.3127
28.5958
28.8818
29.1706
29.4623
29.757
30.0545
30.3551
30.6586
30.9652
31.2749
31.5876
31.9035
32.2225
32.5447
32.8702
33.1989
33.5309
33.8662
34.2049
34.5469
34.8924
35.2413
35.5937
35.9496
36.3091
36.6722
37.039
37.4093
37.7834
38.1613
38.5429
38.9283
39.3176
39.7108
40.1079
40.509
40.914
41.3232
41.7364
42.1538
42.5753
43.0011
43.4311
43.8654
44.304
44.7471
45.1946
45.6465
46.103
46.564
47.0296
47.4999
47.9749
48.4547
48.9392
49.4286
49.9229
50.4221
50.9264
51.4356
51.95
52.4695
52.9942
53.5241
54.0594
54.6
55.146
55.6974
56.2544
56.8169
57.3851
57.9589
58.5385
59.1239
59.7152
60.3123
60.9154
61.5246
62.1398
62.7612
63.3888
64.0227
64.663
65.3096
65.9627
66.6223
67.2885
67.9614
68.641
69.3275
70.0207
70.7209
71.4281
72.1424
72.8638
73.5925
74.3284
75.0717
75.8224
76.5806
77.3464
78.1199
78.9011
79.6901
80.487
81.2919
82.1048
82.9259
83.7551
84.5927
85.4386
86.293
87.1559
88.0275
88.9077
89.7968
90.6948
91.6017
92.5178
93.4429
94.3774
95.3211
96.2743
97.2371
98.2095
99.1916
100.183
101.185
102.197
103.219
104.251
105.294
106.347
107.41
108.484
109.569
110.665
111.772
112.889
114.018
115.158
116.31
117.473
118.648
119.834
121.033
122.243
123.465
124.7
125.947
127.206
128.478
129.763
131.061
132.372
133.695
135.032
136.383
137.746
139.124
140.515
141.92
143.339
144.773
146.221
147.683
149.16
150.651
152.158
153.679
155.216
156.768
158.336
159.919
161.518
163.134
164.765
166.413
168.077
169.757
171.455
173.17
174.901
176.65
178.417
180.201
182.003
183.823
185.661
187.518
189.393
191.287
193.2
195.132
197.083
199.054
201.045
203.055
205.086
207.136
209.208
211.3
213.413
215.547
217.702
219.879
222.078
224.299
226.542
228.807
231.095
233.406
235.741
238.098
240.479
242.884
245.313
247.766
250.243
252.746
255.273
257.826
260.404
263.008
265.638
268.295
270.978
273.687
276.424
279.189
281.98
284.8
287.648
290.525
293.43
296.364
299.328
302.321
305.344
308.398
311.482
314.597
317.743
320.92
324.129
327.37
330.644
333.951
337.29
340.663
344.07
347.51
350.985
354.495
358.04
361.621
365.237
368.889
372.578
376.304
380.067
383.868
387.706
391.583
395.499
399.454
403.449
407.483
411.558
415.674
419.83
424.029
428.269
432.552
436.877
441.246
445.658
450.115
454.616
459.162
463.754
468.391
473.075
477.806
482.584
487.41
492.284
497.207
502.179
507.201
512.273
517.396
522.57
527.795
533.073
538.404
543.788
549.226
554.718
560.265
565.868
571.527
577.242
583.014
588.844
594.733
600.68
606.687
612.754
618.881
625.07
631.321
637.634
644.011
650.451
656.955
663.525
670.16
676.862
683.63
690.466
697.371
704.345
711.388
718.502
725.687
732.944
740.273
747.676
755.153
762.705
770.332
778.035
785.815
793.673
801.61
809.626
817.722
825.9
834.159
842.5
850.925
859.435
868.029
876.709
885.476
894.331
903.274
912.307
921.43
930.644
939.951
949.35
958.844
968.432
978.117
987.898
997.777
1007.75
1017.83
1028.01
1038.29
1048.67
1059.16
1069.75
1080.45
1091.25
1102.17
1113.19
1124.32
1135.56
1146.92
1158.39
1169.97
1181.67
1193.49
1205.42
1217.48
1229.65
1241.95
1254.37
1266.91
1279.58
1292.38
1305.3
1318.35
1331.54
1344.85
1358.3
1371.88
1385.6
1399.46
1413.45
1427.59
1441.86
1456.28
1470.85
1485.55
1500.41
1515.41
1530.57
1545.87
1561.33
1576.95
1592.71
1608.64
1624.73
1640.98
1657.39
1673.96
1690.7
1707.61
1724.68
1741.93
1759.35
1776.94
1794.71
1812.66
1830.78
1849.09
1867.58
1886.26
1905.12
1924.17
1943.41
1962.85
1982.48
2002.3
2022.32
2042.55
2062.97
2083.6
2104.44
2125.48
2146.74
2168.21
2189.89
2211.79
2233.9
2256.24
2278.81
2301.59
2324.61
2347.86
2371.34
2395.05
2419
2443.19
2467.62
2492.3
2517.22
2542.39
2567.82
2593.49
2619.43
2645.62
2672.08
2698.8
2725.79
2753.05
2780.58
2808.38
2836.47
2864.83
2893.48
2922.41
2951.64
2981.15
3010.97
3041.08
3071.49
3102.2
3133.22
3164.56
3196.2
3228.16
3260.45
3293.05
3325.98
3359.24
3392.83
3426.76
3461.03
3495.64
3530.59
3565.9
3601.56
3637.58
3673.95
3710.69
3747.8
3785.28
3823.13
3861.36
3899.97
3938.97
3978.36
4018.15
4058.33
4098.91
4139.9
4181.3
4223.11
4265.34
4308
4351.08
4394.59
4438.53
4482.92
4527.75
4573.03
4618.76
4664.94
4711.59
4758.71
4806.3
4854.36
4902.9
4951.93
5001.45
5051.46
5101.98
5153
5204.53
5256.57
5309.14
5362.23
5415.85
5470.01
5524.71
5579.96
5635.76
5692.12
5749.04
5806.53
5864.59
5923.24
5982.47
6042.3
6102.72
6163.75
6225.38
6287.64
6350.51
6414.02
6478.16
6542.94
6608.37
6674.45
6741.2
6808.61
6876.7
6945.46
7014.92
7085.07
7155.92
7227.48
7299.75
7372.75
7446.48
7520.94
7596.15
7672.11
7748.83
7826.32
7904.59
7983.63
8063.47
8144.1
8225.54
8307.8
8390.88
8474.79
8559.53
8645.13
8731.58
8818.9
8907.09
8996.16
9086.12
9176.98
9268.75
9361.44
9455.05
9549.6
9645.1
9741.55
9838.96
9937.35
10036.7
10137.1
10238.5
10340.9
10444.3
10548.7
10654.2
10760.7
10868.3
10977
11086.8
11197.7
11309.6
11422.7
11537
11652.3
11768.9
11886.5
12005.4
12125.5
12246.7
12369.2
12492.9
12617.8
12744
12871.4
13000.1
13130.1
13261.4
13394.1
13528
13663.3
13799.9
13937.9
14077.3
14218.1
14360.2
14503.8
14648.9
14795.4
14943.3
15092.8
15243.7
15396.1
15550.1
15705.6
15862.6
16021.3
16181.5
16343.3
16506.7
16671.8
16838.5
17006.9
17177
17348.7
17522.2
17697.4
17874.4
18053.2
18233.7
18416
18600.2
18786.2
18974.1
19163.8
19355.4
19549
19744.5
19941.9
20141.3
20342.7
20546.2
20751.6
