1
0.567234
0.147626
-0.257634
-0.647454
-1.02084
-1.37691
-1.71487
-2.03402
-2.33378
-2.61364
-2.87322
-3.11221
-3.33039
-3.52765
-3.70394
-3.85933
-3.99393
-4.10796
-4.2017
-4.27549
-4.32976
-4.36499
-4.38172
-4.38053
-4.36208
-4.32704
-4.27615
-4.21017
-4.1299
-4.03616
-3.92981
-3.81171
-3.68275
-3.54383
-3.39584
-3.2397
-3.07632
-2.90659
-2.73141
-2.55167
-2.36824
-2.18198
-1.99373
-1.8043
-1.61447
-1.42502
-1.23668
-1.05016
-0.866122
-0.68521
-0.508029
-0.335144
-0.167088
-0.00435089
0.152612
0.303386
0.447596
0.584905
0.715017
0.837673
0.952653
1.05978
1.1589
1.24992
1.33276
1.40738
1.47378
1.532
1.58209
1.62415
1.65829
1.68466
1.70344
1.71482
1.71901
1.71626
1.70683
1.69099
1.66903
1.64125
1.60798
1.56953
1.52625
1.47848
1.42657
1.37086
1.31172
1.2495
1.18456
1.11724
1.04791
0.976902
0.90456
0.831218
0.7572
0.682824
0.608396
0.534212
0.460557
0.387703
0.315909
0.245421
0.176472
0.109279
0.0440452
-0.0190414
-0.0798078
-0.138096
-0.193765
-0.246687
-0.296751
-0.34386
-0.387934
-0.428907
-0.466726
-0.501356
-0.532771
-0.560963
-0.585935
-0.607703
-0.626294
-0.641749
-0.654118
-0.663461
-0.66985
-0.673364
-0.674092
-0.67213
-0.667582
-0.660557
-0.651172
-0.639547
-0.625808
-0.610085
-0.592511
-0.57322
-0.55235
-0.530041
-0.50643
-0.481658
-0.455864
-0.429186
-0.401762
-0.373725
-0.34521
-0.316345
-0.287256
-0.258068
-0.228898
-0.199862
-0.171069
-0.142625
-0.114629
-0.087177
-0.0603569
-0.0342526
-0.00894192
0.0155034
0.0390176
0.0615409
0.0830194
0.103405
0.122658
0.14074
0.157622
0.173281
0.187698
0.20086
0.21276
0.223395
0.232769
0.24089
0.24777
0.253425
0.257878
0.261154
0.26328
0.264291
0.264221
0.263109
0.260997
0.257929
0.253951
0.24911
0.243458
0.237044
0.229922
0.222144
0.213766
0.204841
0.195423
0.185569
0.175332
0.164766
0.153925
0.142862
0.131628
0.120273
0.108847
0.0973972
0.0859702
0.07461
0.0633592
0.0522584
0.0413461
0.0306587
0.0202304
0.0100933
0.000277005
-0.00919105
-0.0182859
-0.0269848
-0.0352675
-0.0431161
-0.050515
-0.0574509
-0.063913
-0.0698926
-0.0753832
-0.0803804
-0.0848822
-0.0888883
-0.0924006
-0.0954227
-0.0979602
-0.10002
-0.101612
-0.102745
-0.103432
-0.103685
-0.10352
-0.102952
-0.101997
-0.100673
-0.0989979
-0.0969914
-0.094673
-0.0920629
-0.0891819
-0.0860509
-0.0826913
-0.0791245
-0.0753718
-0.0714549
-0.0673949
-0.0632131
-0.0589302
-0.0545669
-0.0501432
-0.0456787
-0.0411926
-0.0367033
-0.0322288
-0.0277861
-0.0233916
-0.0190611
-0.0148094
-0.0106505
-0.00659741
-0.00266252
0.00114287
0.00480833
0.00832435
0.0116824
0.0148747
0.0178946
0.0207364
0.0233951
0.0258667
0.0281482
0.0302372
0.0321324
0.0338331
0.0353397
0.0366529
0.0377746
0.038707
0.0394533
0.0400172
0.0404028
0.040615
0.0406592
0.0405411
0.040267
0.0398435
0.0392776
0.0385766
0.0377481
0.0368
0.0357401
0.0345767
0.033318
0.0319725
0.0305485
0.0290544
0.0274987
0.0258896
0.0242355
0.0225445
0.0208246
0.0190836
0.0173291
0.0155685
0.0138091
0.0120577
0.010321
0.00860528
0.00691662
0.00526072
0.00364295
0.00206835
0.000541616
-0.000932932
-0.00235132
-0.00370995
-0.00500556
-0.00623529
-0.00739662
-0.00848738
-0.0095058
-0.0104504
-0.0113201
-0.0121141
-0.012832
-0.0134736
-0.0140391
-0.0145291
-0.0149441
-0.0152854
-0.0155541
-0.0157517
-0.0158801
-0.0159412
-0.015937
-0.0158701
-0.0157428
-0.0155578
-0.0153179
-0.015026
-0.0146852
-0.0142984
-0.0138688
-0.0133998
-0.0128945
-0.0123562
-0.0117882
-0.0111939
-0.0105764
-0.00993916
-0.00928529
-0.008618
-0.00794039
-0.00725552
-0.00656634
-0.00587574
-0.00518649
-0.00450127
-0.00382265
-0.00315307
-0.00249485
-0.0018502
-0.00122117
-0.000609705
-1.75871e-05
0.000553529
0.00110213
0.00162686
0.00212649
0.00259993
0.00304625
0.00346465
0.00385447
0.00421518
0.0045464
0.00484786
0.00511944
0.00536112
0.00557302
0.00575535
0.00590844
0.00603274
0.00612877
0.00619717
0.00623864
0.00625398
0.00624405
0.00620981
0.00615224
0.0060724
0.00597141
0.00585041
0.0057106
0.0055532
0.00537945
0.00519062
0.004988
0.00477287
0.00454654
0.0043103
0.00406543
0.0038132
0.00355488
0.0032917
0.00302488
0.00275561
0.00248502
0.00221424
0.00194434
0.00167637
0.00141131
0.0011501
0.00089364
0.000642776
0.000398299
0.000160948
-6.85939e-05
-0.000289696
-0.000501785
-0.000704344
-0.000896912
-0.00107908
-0.0012505
-0.00141089
-0.00155998
-0.00169761
-0.00182363
-0.00193796
-0.00204056
-0.00213145
-0.00221068
-0.00227835
-0.00233461
-0.00237964
-0.00241367
-0.00243694
-0.00244976
-0.00245244
-0.00244533
-0.00242881
-0.00240328
-0.00236916
-0.00232689
-0.00227693
-0.00221975
-0.00215583
-0.00208567
-0.00200976
-0.00192861
-0.00184272
-0.00175261
-0.00165878
-0.00156173
-0.00146196
-0.00135997
-0.00125623
-0.00115122
-0.00104539
-0.000939204
-0.000833081
-0.000727442
-0.000622687
-0.000519199
-0.000417341
-0.000317459
-0.000219877
-0.000124898
-3.28054e-05
5.61397e-05
0.000141698
0.000223651
0.000301805
0.000375984
0.000446038
0.000511836
0.00057327
0.000630253
0.000682716
0.000730615
0.000773922
0.000812629
0.000846748
0.000876306
0.000901348
0.000921938
0.000938151
0.00095008
0.00095783
0.000961518
0.000961275
0.000957242
0.00094957
0.000938418
0.000923953
0.000906353
0.000885796
0.000862471
0.000836566
0.000808278
0.000777802
0.000745336
0.000711081
0.000675234
0.000637994
0.000599558
0.00056012
0.000519872
0.000479002
0.000437693
0.000396124
0.000354469
0.000312896
0.000271565
0.000230632
0.000190244
0.000150541
0.000111656
7.37138e-05
3.68303e-05
1.11382e-06
-3.33361e-05
-6.64284e-05
-9.80806e-05
-0.000128219
-0.000156778
-0.000183701
-0.00020894
-0.000232455
-0.000254215
-0.000274196
-0.000292382
-0.000308765
-0.000323345
-0.000336129
-0.000347129
-0.000356366
-0.000363866
-0.000369661
-0.000373789
-0.000376292
-0.00037722
-0.000376624
-0.00037456
-0.00037109
-0.000366277
-0.000360187
-0.000352891
-0.000344459
-0.000334966
-0.000324488
-0.0003131
-0.000300879
-0.000287905
-0.000274254
-0.000260006
-0.000245236
-0.000230024
-0.000214443
-0.000198569
-0.000182476
-0.000166234
-0.000149913
-0.000133581
-0.000117301
-0.000101138
-8.51496e-05
-6.9394e-05
-5.39247e-05
-3.87928e-05
-2.40461e-05
-9.72913e-06
4.11683e-06
1.74538e-05
3.02472e-05
4.24658e-05
5.40818e-05
6.50707e-05
7.54114e-05
8.50861e-05
9.40802e-05
0.000102383
0.000109985
0.000116882
0.000123072
0.000128555
0.000133334
0.000137417
0.000140812
0.000143529
0.000145582
0.000146987
0.000147761
0.000147924
0.000147496
0.0001465
0.000144961
0.000142904
0.000140355
0.000137342
0.000133894
0.000130039
0.000125808
0.000121229
0.000116335
0.000111155
0.00010572
0.000100061
9.42077e-05
8.81903e-05
8.20385e-05
7.57815e-05
6.94476e-05
6.30646e-05
5.66595e-05
5.02585e-05
4.38866e-05
3.7568e-05
3.13258e-05
2.51819e-05
1.91571e-05
1.32711e-05
7.54198e-06
1.98697e-06
-3.37822e-06
-8.53913e-06
-1.34827e-05
-1.8197e-05
-2.26716e-05
-2.68974e-05
-3.08666e-05
-3.45725e-05
-3.80099e-05
-4.11747e-05
-4.40643e-05
-4.66768e-05
-4.90119e-05
-5.10703e-05
-5.28535e-05
-5.43644e-05
-5.56067e-05
-5.65851e-05
-5.7305e-05
-5.77728e-05
-5.79956e-05
-5.79813e-05
-5.77384e-05
-5.72759e-05
-5.66036e-05
-5.57314e-05
-5.46701e-05
-5.34305e-05
-5.20238e-05
-5.04615e-05
-4.87555e-05
-4.69174e-05
-4.49594e-05
-4.28934e-05
-4.07313e-05
-3.84852e-05
-3.6167e-05
-3.37883e-05
-3.13608e-05
-2.88956e-05
-2.6404e-05
-2.38968e-05
-2.13843e-05
-1.88767e-05
-1.63837e-05
-1.39147e-05
-1.14785e-05
-9.08374e-06
-6.73825e-06
-4.4496e-06
-2.2248e-06
-7.03806e-08
2.00765e-06
4.0038e-06
5.9131e-06
7.73108e-06
9.45381e-06
1.10779e-05
1.26004e-05
1.40189e-05
1.53315e-05
1.65369e-05
1.7634e-05
1.86223e-05
1.95019e-05
2.02732e-05
2.09368e-05
2.14941e-05
2.19466e-05
2.22963e-05
2.25455e-05
2.26966e-05
2.27527e-05
2.27169e-05
2.25926e-05
2.23834e-05
2.20932e-05
2.1726e-05
2.1286e-05
2.07775e-05
2.0205e-05
1.95731e-05
1.88863e-05
1.81493e-05
1.73667e-05
1.65434e-05
1.5684e-05
1.47933e-05
1.38757e-05
1.2936e-05
1.19785e-05
1.10079e-05
1.00282e-05
9.04378e-06
8.05865e-06
7.07673e-06
6.10178e-06
5.13741e-06
4.18705e-06
3.25397e-06
2.34122e-06
1.45171e-06
5.88115e-07
-2.47075e-07
-1.05157e-06
-1.82328e-06
-2.56032e-06
-3.26102e-06
-3.92389e-06
-4.54767e-06
-5.13128e-06
-5.67384e-06
-6.17467e-06
-6.63328e-06
-7.04935e-06
-7.42276e-06
-7.75354e-06
-8.04191e-06
-8.28824e-06
-8.49305e-06
-8.657e-06
-8.78091e-06
-8.8657e-06
-8.91245e-06
-8.9223e-06
-8.89654e-06
-8.83655e-06
-8.74376e-06
-8.61972e-06
-8.46603e-06
-8.28435e-06
-8.07639e-06
-7.84392e-06
-7.58872e-06
-7.31261e-06
-7.01743e-06
-6.70502e-06
-6.37722e-06
-6.03589e-06
-5.68285e-06
-5.31992e-06
-4.94887e-06
-4.57147e-06
-4.18944e-06
-3.80444e-06
-3.41811e-06
-3.03202e-06
-2.64768e-06
-2.26656e-06
-1.89004e-06
-1.51945e-06
-1.15604e-06
-8.00998e-07
-4.55423e-07
-1.20346e-07
2.03284e-07
5.14593e-07
8.12791e-07
1.09717e-06
1.36708e-06
1.622e-06
1.86142e-06
2.08498e-06
2.29234e-06
2.48326e-06
2.65757e-06
2.81517e-06
2.95605e-06
3.08022e-06
3.18781e-06
3.27897e-06
3.35392e-06
3.41296e-06
3.4564e-06
3.48464e-06
3.4981e-06
3.49726e-06
3.48263e-06
3.45476e-06
3.41422e-06
3.36163e-06
3.29763e-06
3.22288e-06
3.13805e-06
3.04383e-06
2.94094e-06
2.83009e-06
2.71199e-06
2.58739e-06
2.45699e-06
2.32152e-06
2.18169e-06
2.03822e-06
1.89181e-06
1.74312e-06
1.59284e-06
1.44161e-06
1.29006e-06
1.13881e-06
9.88439e-07
8.39514e-07
6.9257e-07
5.48119e-07
4.06641e-07
2.68591e-07
1.34393e-07
4.43806e-09
-1.2091e-07
-2.41319e-07
-3.5649e-07
-4.66153e-07
-5.70072e-07
-6.6804e-07
-7.59882e-07
-8.45452e-07
-9.24636e-07
-9.97348e-07
-1.06353e-06
-1.12316e-06
-1.17622e-06
-1.22275e-06
-1.26279e-06
-1.29641e-06
-1.32372e-06
-1.34482e-06
-1.35985e-06
-1.36898e-06
-1.37237e-06
-1.37022e-06
-1.36273e-06
-1.35012e-06
-1.33262e-06
-1.31048e-06
-1.28395e-06
-1.25328e-06
-1.21876e-06
-1.18065e-06
-1.13923e-06
-1.09478e-06
-1.04758e-06
-9.97925e-07
-9.46092e-07
-8.92365e-07
-8.37024e-07
-7.80344e-07
-7.22596e-07
-6.64048e-07
-6.04959e-07
-5.45582e-07
-4.86162e-07
-4.26935e-07
-3.68128e-07
-3.0996e-07
-2.52636e-07
-1.96353e-07
-1.41297e-07
-8.76426e-08
-3.55507e-08
1.48281e-08
6.33555e-08
1.09906e-07
1.54365e-07
1.96632e-07
2.36618e-07
2.74246e-07
3.09451e-07
3.42181e-07
3.72393e-07
4.00059e-07
4.25159e-07
4.47685e-07
4.67641e-07
4.85039e-07
4.999e-07
5.12257e-07
5.2215e-07
5.29627e-07
5.34746e-07
5.37568e-07
5.38166e-07
5.36616e-07
5.33e-07
5.27406e-07
5.19927e-07
5.1066e-07
4.99704e-07
4.87163e-07
4.73143e-07
4.57752e-07
4.411e-07
4.23297e-07
4.04455e-07
3.84685e-07
3.64098e-07
3.42805e-07
3.20914e-07
2.98535e-07
2.75772e-07
2.52729e-07
2.29507e-07
2.06205e-07
1.82917e-07
1.59735e-07
1.36746e-07
1.14035e-07
9.16819e-08
6.97616e-08
4.83456e-08
2.75007e-08
7.2889e-09
-1.22325e-08
-3.10109e-08
-4.89985e-08
-6.61523e-08
-8.24343e-08
-9.78111e-08
-1.12254e-07
-1.2574e-07
-1.38248e-07
-1.49766e-07
-1.60281e-07
-1.69789e-07
-1.78287e-07
-1.85779e-07
-1.9227e-07
-1.97769e-07
-2.02292e-07
-2.05854e-07
-2.08476e-07
-2.10181e-07
-2.10994e-07
-2.10945e-07
-2.10063e-07
-2.08383e-07
-2.05939e-07
-2.02769e-07
-1.98909e-07
-1.94401e-07
-1.89285e-07
-1.83603e-07
-1.77398e-07
-1.70712e-07
-1.6359e-07
-1.56075e-07
-1.4821e-07
-1.40039e-07
-1.31606e-07
-1.22953e-07
-1.14121e-07
-1.05153e-07
-9.60887e-08
-8.6967e-08
-7.78262e-08
-6.87031e-08
-5.96332e-08
-5.06503e-08
-4.1787e-08
-3.30738e-08
-2.45401e-08
-1.6213e-08
-8.11818e-09
-2.79327e-10
7.28168e-09
1.45449e-08
2.14921e-08
2.81072e-08
3.43758e-08
4.02854e-08
4.58256e-08
5.09875e-08
5.57642e-08
6.01506e-08
6.41432e-08
6.77401e-08
7.09414e-08
7.37484e-08
7.61641e-08
