1
0.5
0.25
0.125
0.0625
0.03125
0.015625
0.0078125
0.00390625
0.00195312
0.000976562
0.000488281
0.000244141
0.00012207
6.10352e-05
3.05176e-05
1.52588e-05
7.62939e-06
3.8147e-06
1.90735e-06
9.53674e-07
4.76837e-07
2.38419e-07
1.19209e-07
5.96046e-08
2.98023e-08
1.49012e-08
7.45058e-09
3.72529e-09
1.86265e-09
9.31323e-10
4.65661e-10
2.32831e-10
1.16415e-10
5.82077e-11
2.91038e-11
1.45519e-11
7.27596e-12
3.63798e-12
1.81899e-12
9.09495e-13
4.54747e-13
2.27374e-13
1.13687e-13
5.68434e-14
2.84217e-14
1.42109e-14
7.10543e-15
3.55271e-15
1.77636e-15
8.88178e-16
4.44089e-16
2.22045e-16
1.11022e-16
5.55112e-17
2.77556e-17
1.38778e-17
6.93889e-18
3.46945e-18
1.73472e-18
8.67362e-19
4.33681e-19
2.1684e-19
1.0842e-19
5.42101e-20
2.71051e-20
1.35525e-20
6.77626e-21
3.38813e-21
1.69407e-21
8.47033e-22
4.23516e-22
2.11758e-22
1.05879e-22
5.29396e-23
2.64698e-23
1.32349e-23
6.61744e-24
3.30872e-24
1.65436e-24
8.27181e-25
4.1359e-25
2.06795e-25
1.03398e-25
5.16988e-26
2.58494e-26
1.29247e-26
6.46235e-27
3.23117e-27
1.61559e-27
8.07794e-28
4.03897e-28
2.01948e-28
1.00974e-28
5.04871e-29
2.52435e-29
1.26218e-29
6.31089e-30
3.15544e-30
1.57772e-30
7.88861e-31
3.9443e-31
1.97215e-31
9.86076e-32
4.93038e-32
2.46519e-32
1.2326e-32
6.16298e-33
3.08149e-33
1.54074e-33
7.70372e-34
3.85186e-34
1.92593e-34
9.62965e-35
4.81482e-35
2.40741e-35
1.20371e-35
6.01853e-36
3.00927e-36
1.50463e-36
7.52316e-37
3.76158e-37
1.88079e-37
9.40395e-38
4.70198e-38
2.35099e-38
1.17549e-38
5.87747e-39
2.93874e-39
1.46937e-39
7.34684e-40
3.67342e-40
1.83671e-40
9.18355e-41
4.59177e-41
2.29589e-41
1.14794e-41
5.73972e-42
2.86986e-42
1.43493e-42
7.17465e-43
3.58732e-43
1.79366e-43
8.96831e-44
4.48416e-44
2.24208e-44
1.12104e-44
5.60519e-45
2.8026e-45
1.4013e-45
7.00649e-46
3.50325e-46
1.75162e-46
8.75812e-47
4.37906e-47
2.18953e-47
1.09476e-47
5.47382e-48
2.73691e-48
1.36846e-48
6.84228e-49
3.42114e-49
1.71057e-49
8.55285e-50
4.27642e-50
2.13821e-50
1.06911e-50
5.34553e-51
2.67276e-51
1.33638e-51
6.68191e-52
3.34096e-52
1.67048e-52
8.35239e-53
4.17619e-53
2.0881e-53
1.04405e-53
5.22024e-54
2.61012e-54
1.30506e-54
6.5253e-55
3.26265e-55
1.63133e-55
8.15663e-56
4.07832e-56
2.03916e-56
1.01958e-56
5.09789e-57
2.54895e-57
1.27447e-57
6.37237e-58
3.18618e-58
1.59309e-58
7.96546e-59
3.98273e-59
1.99136e-59
9.95682e-60
4.97841e-60
2.48921e-60
1.2446e-60
6.22302e-61
3.11151e-61
1.55575e-61
7.77877e-62
3.88938e-62
1.94469e-62
9.72346e-63
4.86173e-63
2.43087e-63
1.21543e-63
6.07716e-64
3.03858e-64
1.51929e-64
7.59645e-65
3.79823e-65
1.89911e-65
9.49557e-66
4.74778e-66
2.37389e-66
1.18695e-66
5.93473e-67
2.96736e-67
1.48368e-67
7.41841e-68
3.70921e-68
1.8546e-68
9.27302e-69
4.63651e-69
2.31825e-69
1.15913e-69
5.79563e-70
2.89782e-70
1.44891e-70
7.24454e-71
3.62227e-71
1.81114e-71
9.05568e-72
4.52784e-72
2.26392e-72
1.13196e-72
5.6598e-73
2.8299e-73
1.41495e-73
7.07475e-74
3.53737e-74
1.76869e-74
8.84344e-75
4.42172e-75
2.21086e-75
1.10543e-75
5.52715e-76
2.76357e-76
1.38179e-76
6.90893e-77
3.45447e-77
1.72723e-77
8.63617e-78
4.31808e-78
2.15904e-78
1.07952e-78
5.39761e-79
2.6988e-79
1.3494e-79
6.74701e-80
3.3735e-80
1.68675e-80
8.43376e-81
4.21688e-81
2.10844e-81
1.05422e-81
5.2711e-82
2.63555e-82
1.31777e-82
6.58887e-83
3.29444e-83
1.64722e-83
8.23609e-84
4.11805e-84
2.05902e-84
1.02951e-84
5.14756e-85
2.57378e-85
1.28689e-85
6.43445e-86
3.21722e-86
1.60861e-86
8.04306e-87
4.02153e-87
2.01076e-87
1.00538e-87
5.02691e-88
2.51346e-88
1.25673e-88
6.28364e-89
3.14182e-89
1.57091e-89
7.85455e-90
3.92727e-90
1.96364e-90
9.81819e-91
4.90909e-91
2.45455e-91
1.22727e-91
6.13637e-92
3.06818e-92
1.53409e-92
7.67046e-93
3.83523e-93
1.91761e-93
9.58807e-94
4.79404e-94
2.39702e-94
1.19851e-94
5.99255e-95
2.99627e-95
1.49814e-95
7.49068e-96
3.74534e-96
1.87267e-96
9.36335e-97
4.68168e-97
2.34084e-97
1.17042e-97
5.8521e-98
2.92605e-98
1.46302e-98
7.31512e-99
3.65756e-99
1.82878e-99
9.1439e-100
4.57195e-100
2.28597e-100
1.14299e-100
5.71494e-101
2.85747e-101
1.42873e-101
7.14367e-102
3.57184e-102
1.78592e-102
8.92959e-103
4.46479e-103
2.2324e-103
1.1162e-103
5.58099e-104
2.7905e-104
1.39525e-104
6.97624e-105
3.48812e-105
1.74406e-105
8.7203e-106
4.36015e-106
2.18008e-106
1.09004e-106
5.45019e-107
2.72509e-107
1.36255e-107
6.81274e-108
3.40637e-108
1.70318e-108
8.51592e-109
4.25796e-109
2.12898e-109
1.06449e-109
5.32245e-110
2.66122e-110
1.33061e-110
6.65306e-111
3.32653e-111
1.66327e-111
8.31633e-112
4.15816e-112
2.07908e-112
1.03954e-112
5.1977e-113
2.59885e-113
1.29943e-113
6.49713e-114
3.24857e-114
1.62428e-114
8.12141e-115
4.06071e-115
2.03035e-115
1.01518e-115
5.07588e-116
2.53794e-116
1.26897e-116
6.34485e-117
3.17243e-117
1.58621e-117
7.93107e-118
3.96553e-118
1.98277e-118
9.91384e-119
4.95692e-119
2.47846e-119
1.23923e-119
6.19615e-120
3.09807e-120
1.54904e-120
7.74518e-121
3.87259e-121
1.9363e-121
9.68148e-122
4.84074e-122
2.42037e-122
1.21018e-122
6.05092e-123
3.02546e-123
1.51273e-123
7.56366e-124
3.78183e-124
1.89091e-124
9.45457e-125
4.72729e-125
2.36364e-125
1.18182e-125
5.90911e-126
2.95455e-126
1.47728e-126
7.38638e-127
3.69319e-127
1.8466e-127
9.23298e-128
4.61649e-128
2.30824e-128
1.15412e-128
5.77061e-129
2.88531e-129
1.44265e-129
7.21326e-130
3.60663e-130
1.80332e-130
9.01658e-131
4.50829e-131
2.25415e-131
1.12707e-131
5.63536e-132
2.81768e-132
1.40884e-132
7.0442e-133
3.5221e-133
1.76105e-133
8.80525e-134
4.40263e-134
2.20131e-134
1.10066e-134
5.50328e-135
2.75164e-135
1.37582e-135
6.87911e-136
3.43955e-136
1.71978e-136
8.59888e-137
4.29944e-137
2.14972e-137
1.07486e-137
5.3743e-138
2.68715e-138
1.34358e-138
6.71788e-139
3.35894e-139
1.67947e-139
8.39735e-140
4.19867e-140
2.09934e-140
1.04967e-140
5.24834e-141
2.62417e-141
1.31209e-141
6.56043e-142
3.28021e-142
1.64011e-142
8.20053e-143
4.10027e-143
2.05013e-143
1.02507e-143
5.12533e-144
2.56267e-144
1.28133e-144
6.40667e-145
3.20333e-145
1.60167e-145
8.00833e-146
4.00417e-146
2.00208e-146
1.00104e-146
5.00521e-147
2.5026e-147
1.2513e-147
6.25651e-148
3.12825e-148
1.56413e-148
7.82064e-149
3.91032e-149
1.95516e-149
9.7758e-150
4.8879e-150
2.44395e-150
1.22197e-150
6.10987e-151
3.05494e-151
1.52747e-151
7.63734e-152
3.81867e-152
1.90934e-152
9.54668e-153
4.77334e-153
2.38667e-153
1.19333e-153
5.96667e-154
2.98334e-154
1.49167e-154
7.45834e-155
3.72917e-155
1.86459e-155
9.32293e-156
4.66146e-156
2.33073e-156
1.16537e-156
5.82683e-157
2.91341e-157
1.45671e-157
7.28354e-158
3.64177e-158
1.82088e-158
9.10442e-159
4.55221e-159
2.2761e-159
1.13805e-159
5.69026e-160
2.84513e-160
1.42257e-160
7.11283e-161
3.55641e-161
1.77821e-161
8.89103e-162
4.44552e-162
2.22276e-162
1.11138e-162
5.5569e-163
2.77845e-163
1.38922e-163
6.94612e-164
3.47306e-164
1.73653e-164
8.68265e-165
4.34133e-165
2.17066e-165
1.08533e-165
5.42666e-166
2.71333e-166
1.35666e-166
6.78332e-167
3.39166e-167
1.69583e-167
8.47915e-168
4.23958e-168
2.11979e-168
1.05989e-168
5.29947e-169
2.64973e-169
1.32487e-169
6.62434e-170
3.31217e-170
1.65608e-170
8.28042e-171
4.14021e-171
2.07011e-171
1.03505e-171
5.17526e-172
2.58763e-172
1.29382e-172
6.46908e-173
3.23454e-173
1.61727e-173
8.08635e-174
4.04317e-174
2.02159e-174
1.01079e-174
5.05397e-175
2.52698e-175
1.26349e-175
6.31746e-176
3.15873e-176
1.57937e-176
7.89683e-177
3.94841e-177
1.97421e-177
9.87103e-178
4.93552e-178
2.46776e-178
1.23388e-178
6.16939e-179
3.0847e-179
1.54235e-179
7.71174e-180
3.85587e-180
1.92794e-180
9.63968e-181
4.81984e-181
2.40992e-181
1.20496e-181
6.0248e-182
3.0124e-182
1.5062e-182
7.531e-183
3.7655e-183
1.88275e-183
9.41375e-184
4.70687e-184
2.35344e-184
1.17672e-184
5.88359e-185
2.9418e-185
1.4709e-185
7.35449e-186
3.67725e-186
1.83862e-186
9.19311e-187
4.59656e-187
2.29828e-187
1.14914e-187
5.7457e-188
2.87285e-188
1.43642e-188
7.18212e-189
3.59106e-189
1.79553e-189
8.97765e-190
4.48883e-190
2.24441e-190
1.12221e-190
5.61103e-191
2.80552e-191
1.40276e-191
7.01379e-192
3.50689e-192
1.75345e-192
8.76724e-193
4.38362e-193
2.19181e-193
1.0959e-193
5.47952e-194
2.73976e-194
1.36988e-194
6.8494e-195
3.4247e-195
1.71235e-195
8.56176e-196
4.28088e-196
2.14044e-196
1.07022e-196
5.3511e-197
2.67555e-197
1.33777e-197
6.68887e-198
3.34444e-198
1.67222e-198
8.36109e-199
4.18054e-199
2.09027e-199
1.04514e-199
5.22568e-200
2.61284e-200
1.30642e-200
6.5321e-201
3.26605e-201
1.63303e-201
8.16513e-202
4.08256e-202
2.04128e-202
1.02064e-202
5.1032e-203
2.5516e-203
1.2758e-203
6.379e-204
3.1895e-204
1.59475e-204
7.97376e-205
3.98688e-205
1.99344e-205
9.96719e-206
4.9836e-206
2.4918e-206
1.2459e-206
6.2295e-207
3.11475e-207
1.55737e-207
7.78687e-208
3.89344e-208
1.94672e-208
9.73359e-209
4.86679e-209
2.4334e-209
1.2167e-209
6.08349e-210
3.04175e-210
1.52087e-210
7.60437e-211
3.80218e-211
1.90109e-211
9.50546e-212
4.75273e-212
2.37636e-212
1.18818e-212
5.94091e-213
2.97046e-213
1.48523e-213
7.42614e-214
3.71307e-214
1.85653e-214
9.28267e-215
4.64134e-215
2.32067e-215
1.16033e-215
5.80167e-216
2.90084e-216
1.45042e-216
7.25209e-217
3.62604e-217
1.81302e-217
9.06511e-218
4.53256e-218
2.26628e-218
1.13314e-218
5.66569e-219
2.83285e-219
1.41642e-219
7.08212e-220
3.54106e-220
1.77053e-220
8.85265e-221
4.42632e-221
2.21316e-221
1.10658e-221
5.5329e-222
2.76645e-222
1.38323e-222
6.91613e-223
3.45807e-223
1.72903e-223
8.64516e-224
4.32258e-224
2.16129e-224
1.08065e-224
5.40323e-225
2.70161e-225
1.35081e-225
6.75403e-226
3.37702e-226
1.68851e-226
8.44254e-227
4.22127e-227
2.11064e-227
1.05532e-227
5.27659e-228
2.63829e-228
1.31915e-228
6.59574e-229
3.29787e-229
1.64893e-229
8.24467e-230
4.12234e-230
2.06117e-230
1.03058e-230
5.15292e-231
2.57646e-231
1.28823e-231
6.44115e-232
3.22057e-232
1.61029e-232
8.05144e-233
4.02572e-233
2.01286e-233
1.00643e-233
5.03215e-234
2.51607e-234
1.25804e-234
6.29018e-235
3.14509e-235
1.57255e-235
7.86273e-236
3.93137e-236
1.96568e-236
9.82841e-237
4.91421e-237
2.4571e-237
1.22855e-237
6.14276e-238
3.07138e-238
1.53569e-238
7.67845e-239
3.83922e-239
1.91961e-239
9.59806e-240
4.79903e-240
2.39951e-240
1.19976e-240
5.99879e-241
2.99939e-241
1.4997e-241
7.49848e-242
3.74924e-242
1.87462e-242
9.37311e-243
4.68655e-243
2.34328e-243
1.17164e-243
5.85819e-244
2.9291e-244
1.46455e-244
7.32274e-245
3.66137e-245
1.83068e-245
9.15342e-246
4.57671e-246
2.28836e-246
1.14418e-246
5.72089e-247
2.86044e-247
1.43022e-247
7.15111e-248
3.57556e-248
1.78778e-248
8.93889e-249
4.46944e-249
2.23472e-249
1.11736e-249
5.58681e-250
2.7934e-250
1.3967e-250
6.98351e-251
3.49175e-251
1.74588e-251
8.72938e-252
4.36469e-252
2.18235e-252
1.09117e-252
5.45587e-253
2.72793e-253
1.36397e-253
6.81983e-254
3.40992e-254
1.70496e-254
8.52479e-255
4.26239e-255
2.1312e-255
1.0656e-255
5.32799e-256
2.664e-256
1.332e-256
6.65999e-257
3.33e-257
1.665e-257
8.32499e-258
4.16249e-258
2.08125e-258
1.04062e-258
5.20312e-259
2.60156e-259
1.30078e-259
6.5039e-260
3.25195e-260
1.62597e-260
8.12987e-261
4.06494e-261
2.03247e-261
1.01623e-261
5.08117e-262
2.54059e-262
1.27029e-262
6.35146e-263
3.17573e-263
1.58787e-263
7.93933e-264
3.96966e-264
1.98483e-264
9.92416e-265
4.96208e-265
2.48104e-265
1.24052e-265
6.2026e-266
3.1013e-266
1.55065e-266
7.75325e-267
3.87663e-267
1.93831e-267
9.69156e-268
4.84578e-268
2.42289e-268
1.21145e-268
6.05723e-269
3.02861e-269
1.51431e-269
7.57153e-270
3.78577e-270
1.89288e-270
9.46442e-271
4.73221e-271
2.3661e-271
1.18305e-271
5.91526e-272
2.95763e-272
1.47882e-272
7.39408e-273
3.69704e-273
1.84852e-273
9.2426e-274
4.6213e-274
2.31065e-274
1.15532e-274
5.77662e-275
2.88831e-275
1.44416e-275
7.22078e-276
3.61039e-276
1.80519e-276
9.02597e-277
4.51299e-277
2.25649e-277
1.12825e-277
5.64123e-278
2.82062e-278
1.41031e-278
7.05154e-279
3.52577e-279
1.76289e-279
8.81443e-280
4.40721e-280
2.20361e-280
1.1018e-280
5.50902e-281
2.75451e-281
1.37725e-281
6.88627e-282
3.44314e-282
1.72157e-282
8.60784e-283
4.30392e-283
2.15196e-283
1.07598e-283
5.3799e-284
2.68995e-284
1.34497e-284
6.72487e-285
3.36244e-285
1.68122e-285
8.40609e-286
4.20305e-286
2.10152e-286
1.05076e-286
5.25381e-287
2.6269e-287
1.31345e-287
6.56726e-288
3.28363e-288
1.64181e-288
8.20907e-289
4.10454e-289
2.05227e-289
1.02613e-289
5.13067e-290
2.56534e-290
1.28267e-290
6.41334e-291
3.20667e-291
1.60333e-291
8.01667e-292
4.00834e-292
2.00417e-292
1.00208e-292
5.01042e-293
2.50521e-293
1.25261e-293
6.26303e-294
3.13151e-294
1.56576e-294
7.82878e-295
3.91439e-295
1.9572e-295
9.78598e-296
4.89299e-296
2.44649e-296
1.22325e-296
6.11624e-297
3.05812e-297
1.52906e-297
7.6453e-298
3.82265e-298
1.91132e-298
9.55662e-299
4.77831e-299
2.38915e-299
1.19458e-299
5.97289e-300
2.98644e-300
1.49322e-300
7.46611e-301
3.73305e-301
1.86653e-301
