1
1.01005
1.01575
1.01723
1.01465
1.00814
0.997879
0.98404
0.966806
0.946364
0.922909
0.896641
0.867765
0.836487
0.803016
0.767562
0.730337
0.69155
0.65141
0.610125
0.567897
0.524928
0.481413
0.437544
0.393507
0.349482
0.305642
0.262155
0.219179
0.176866
0.135359
0.0947953
0.0553001
0.0169917
-0.0200206
-0.0556366
-0.0897655
-0.122325
-0.153243
-0.182454
-0.209905
-0.23555
-0.259351
-0.281281
-0.301318
-0.319451
-0.335677
-0.349999
-0.362428
-0.372982
-0.381687
-0.388573
-0.393679
-0.397047
-0.398726
-0.39877
-0.397236
-0.394187
-0.389689
-0.38381
-0.376624
-0.368206
-0.358631
-0.34798
-0.336333
-0.323771
-0.310377
-0.296233
-0.281421
-0.266024
-0.250124
-0.233801
-0.217135
-0.200203
-0.183084
-0.165849
-0.148573
-0.131324
-0.11417
-0.0971756
-0.0804016
-0.0639067
-0.0477463
-0.0319722
-0.0166331
-0.00177417
0.0125631
0.0263405
0.0395235
0.0520812
0.0639862
0.0752147
0.0857463
0.0955644
0.104655
0.113009
0.120619
0.127482
0.133596
0.138965
0.143594
0.14749
0.150665
0.153132
0.154905
0.156004
0.156446
0.156255
0.155453
0.154065
0.152118
0.149638
0.146656
0.1432
0.139301
0.134991
0.1303
0.125261
0.119907
0.114269
0.10838
0.102273
0.0959784
0.0895288
0.0829548
0.0762869
0.0695548
0.0627873
0.0560126
0.0492576
0.0425483
0.0359096
0.0293652
0.0229376
0.0166481
0.0105167
0.00456186
-0.0011991
-0.00675032
-0.0120773
-0.017167
-0.0220078
-0.0265893
-0.0309027
-0.0349404
-0.0386964
-0.0421658
-0.0453452
-0.0482321
-0.0508258
-0.0531262
-0.0551349
-0.0568542
-0.0582876
-0.0594396
-0.0603158
-0.0609223
-0.0612666
-0.0613565
-0.0612006
-0.0608085
-0.06019
-0.0593557
-0.0583164
-0.0570837
-0.0556692
-0.0540851
-0.0523436
-0.0504572
-0.0484385
-0.0463003
-0.0440551
-0.0417157
-0.0392947
-0.0368046
-0.0342576
-0.0316659
-0.0290413
-0.0263953
-0.0237391
-0.0210836
-0.0184393
-0.0158163
-0.013224
-0.0106718
-0.0081682
-0.00572141
-0.00333908
-0.00102832
0.00120427
0.00335265
0.00541133
0.00737537
0.00924037
0.0110025
0.0126584
0.0142054
0.0156412
0.0169641
0.0181728
0.0192667
0.0202456
0.0211096
0.0218595
0.0224962
0.0230214
0.023437
0.0237451
0.0239484
0.0240499
0.0240526
0.0239603
0.0237765
0.0235053
0.0231508
0.0227175
0.0222098
0.0216324
0.0209901
0.0202877
0.0195301
0.0187222
0.0178691
0.0169758
0.0160472
0.0150881
0.0141036
0.0130984
0.0120772
0.0110446
0.0100051
0.00896303
0.00792263
0.00688795
0.00586286
0.00485109
0.00385614
0.00288136
0.00192988
0.00100464
0.000108343
-0.000756483
-0.00158754
-0.00238276
-0.00314026
-0.00385839
-0.00453572
-0.00517102
-0.00576328
-0.00631169
-0.00681564
-0.00727471
-0.00768871
-0.00805758
-0.00838149
-0.00866074
-0.00889583
-0.0090874
-0.00923623
-0.00934327
-0.00940958
-0.00943634
-0.00942485
-0.00937653
-0.00929287
-0.00917546
-0.00902596
-0.00884612
-0.00863771
-0.00840259
-0.00814262
-0.00785973
-0.00755584
-0.00723291
-0.00689288
-0.00653771
-0.00616934
-0.0057897
-0.00540069
-0.00500418
-0.004602
-0.00419594
-0.00378775
-0.00337912
-0.00297168
-0.00256699
-0.00216655
-0.00177181
-0.00138411
-0.00100473
-0.000634885
-0.000275691
7.18104e-05
0.000406662
0.000727991
0.00103501
0.00132701
0.00160338
0.00186357
0.00210714
0.00233372
0.00254301
0.0027348
0.00290896
0.00306543
0.00320421
0.00332539
0.00342912
0.00351561
0.00358512
0.00363799
0.0036746
0.00369539
0.00370083
0.00369146
0.00366783
0.00363054
0.00358023
0.00351757
0.00344323
0.00335793
0.0032624
0.00315737
0.0030436
0.00292185
0.00279289
0.00265747
0.00251638
0.00237036
0.00222017
0.00206655
0.00191023
0.00175192
0.00159232
0.00143211
0.00127194
0.00111244
0.000954226
0.000797868
0.00064392
0.000492906
0.000345318
0.000201616
6.22322e-05
-7.24379e-05
-0.00020203
-0.000326211
-0.000444685
-0.000557185
-0.00066348
-0.00076337
-0.000856689
-0.000943301
-0.0010231
-0.00109602
-0.00116202
-0.00122107
-0.00127319
-0.00131843
-0.00135685
-0.00138854
-0.00141361
-0.00143221
-0.00144448
-0.00145061
-0.00145078
-0.00144522
-0.00143414
-0.00141779
-0.00139642
-0.00137029
-0.00133968
-0.00130486
-0.00126612
-0.00122376
-0.00117806
-0.00112934
-0.00107789
-0.00102401
-0.000968001
-0.000910158
-0.000850778
-0.000790147
-0.000728552
-0.00066627
-0.00060357
-0.000540717
-0.000477963
-0.000415554
-0.000353723
-0.000292694
-0.00023268
-0.000173883
-0.00011649
-6.06795e-05
-6.61519e-06
4.55514e-05
9.56816e-05
0.00014365
0.000189343
0.000232662
0.000273521
0.000311844
0.000347571
0.000380653
0.000411054
0.000438748
0.000463723
0.000485977
0.000505518
0.000522365
0.000536549
0.000548108
0.000557089
0.000563549
0.000567552
0.00056917
0.00056848
0.000565569
0.000560526
0.000553447
0.000544433
0.000533588
0.00052102
0.00050684
0.000491162
0.000474101
0.000455773
0.000436297
0.000415789
0.000394367
0.000372149
0.000349252
0.000325788
0.000301873
0.000277615
0.000253123
0.000228503
0.000203855
0.000179279
0.000154869
0.000130716
0.000106906
8.35199e-05
6.06363e-05
3.83275e-05
1.6661e-05
-4.30028e-06
-2.44987e-05
-4.38815e-05
-6.24011e-05
-8.00152e-05
-9.66862e-05
-0.000112382
-0.000127075
-0.000140743
-0.000153368
-0.000164938
-0.000175444
-0.000184884
-0.000193256
-0.000200567
-0.000206825
-0.000212043
-0.000216238
-0.000219428
-0.000221638
-0.000222893
-0.000223223
-0.000222659
-0.000221235
-0.000218987
-0.000215954
-0.000212175
-0.000207692
-0.000202548
-0.000196787
-0.000190452
-0.000183591
-0.000176248
-0.00016847
-0.000160303
-0.000151793
-0.000142986
-0.000133927
-0.000124662
-0.000115233
-0.000105685
-9.60585e-05
-8.6395e-05
-7.67341e-05
-6.71136e-05
-5.75703e-05
-4.8139e-05
-3.88531e-05
-2.97442e-05
-2.08418e-05
-1.21738e-05
-3.76615e-06
4.35718e-06
1.21742e-05
1.9665e-05
2.68115e-05
3.35977e-05
4.00096e-05
4.60353e-05
5.16646e-05
5.68894e-05
6.17034e-05
6.61023e-05
7.00834e-05
7.36459e-05
7.67905e-05
7.95198e-05
8.18377e-05
8.37497e-05
8.52626e-05
8.63848e-05
8.71256e-05
8.74958e-05
8.7507e-05
8.7172e-05
8.65043e-05
8.55186e-05
8.423e-05
8.26543e-05
8.08081e-05
7.87082e-05
7.6372e-05
7.38171e-05
7.10614e-05
6.81229e-05
6.50198e-05
6.17701e-05
5.8392e-05
5.49032e-05
5.13217e-05
4.76648e-05
4.39496e-05
4.0193e-05
3.64112e-05
3.26201e-05
2.88349e-05
2.50706e-05
2.1341e-05
1.76599e-05
1.404e-05
1.04933e-05
7.03148e-06
3.66501e-06
4.0385e-07
-2.74285e-06
-5.76674e-06
-8.66024e-06
-1.14165e-05
-1.40296e-05
-1.64943e-05
-1.88061e-05
-2.09613e-05
-2.29569e-05
-2.47908e-05
-2.64615e-05
-2.79682e-05
-2.93107e-05
-3.04896e-05
-3.1506e-05
-3.23618e-05
-3.30592e-05
-3.36012e-05
-3.3991e-05
-3.42327e-05
-3.43305e-05
-3.42891e-05
-3.41137e-05
-3.38097e-05
-3.33829e-05
-3.28394e-05
-3.21854e-05
-3.14275e-05
-3.05724e-05
-2.96269e-05
-2.85979e-05
-2.74925e-05
-2.63179e-05
-2.5081e-05
-2.3789e-05
-2.24489e-05
-2.10679e-05
-1.96527e-05
-1.82102e-05
-1.67471e-05
-1.52698e-05
-1.37848e-05
-1.22982e-05
-1.08158e-05
-9.34345e-06
-7.88656e-06
-6.45036e-06
-5.03977e-06
-3.65945e-06
-2.3138e-06
-1.00688e-06
2.57503e-07
1.47588e-06
2.64507e-06
3.76219e-06
4.8247e-06
5.83033e-06
6.77713e-06
7.66346e-06
8.48796e-06
9.24958e-06
9.94754e-06
1.05813e-05
1.11508e-05
1.16559e-05
1.2097e-05
1.24745e-05
1.27894e-05
1.30424e-05
1.3235e-05
1.33683e-05
1.34441e-05
1.34641e-05
1.34302e-05
1.33443e-05
1.32088e-05
1.3026e-05
1.27981e-05
1.25278e-05
1.22176e-05
1.18701e-05
1.14881e-05
1.10743e-05
1.06314e-05
1.01623e-05
9.66975e-06
9.15648e-06
8.62529e-06
8.07892e-06
7.52007e-06
6.95138e-06
6.37545e-06
5.79483e-06
5.21196e-06
4.62924e-06
4.04896e-06
3.47332e-06
2.90445e-06
2.34434e-06
1.7949e-06
1.25791e-06
7.35063e-07
2.27916e-07
-2.62085e-07
-7.33613e-07
-1.18546e-06
-1.61655e-06
-2.0259e-06
-2.41269e-06
-2.77617e-06
-3.11575e-06
-3.43093e-06
-3.72134e-06
-3.9867e-06
-4.22687e-06
-4.44178e-06
-4.6315e-06
-4.79616e-06
-4.936e-06
-5.05136e-06
-5.14266e-06
-5.21038e-06
-5.2551e-06
-5.27745e-06
-5.27816e-06
-5.25799e-06
-5.21775e-06
-5.15832e-06
-5.08062e-06
-4.98561e-06
-4.87427e-06
-4.74764e-06
-4.60674e-06
-4.45266e-06
-4.28646e-06
-4.10924e-06
-3.92208e-06
-3.72608e-06
-3.52233e-06
-3.31191e-06
-3.09589e-06
-2.87533e-06
-2.65125e-06
-2.42466e-06
-2.19655e-06
-1.96789e-06
-1.73958e-06
-1.51252e-06
-1.28756e-06
-1.06552e-06
-8.47173e-07
-6.33245e-07
-4.24428e-07
-2.21364e-07
-2.4651e-08
1.65159e-07
3.47562e-07
5.22101e-07
6.88365e-07
8.45992e-07
9.94667e-07
1.13412e-06
1.26413e-06
1.38452e-06
1.49515e-06
1.59593e-06
1.68682e-06
1.76781e-06
1.83894e-06
1.90026e-06
1.95189e-06
1.99397e-06
2.02667e-06
2.0502e-06
2.06479e-06
2.07071e-06
2.06822e-06
2.05765e-06
2.03933e-06
2.0136e-06
1.98082e-06
1.94139e-06
1.89568e-06
1.84411e-06
1.78709e-06
1.72503e-06
1.65837e-06
1.58752e-06
1.51292e-06
1.435e-06
1.35417e-06
1.27088e-06
1.18552e-06
1.09852e-06
1.01027e-06
9.21164e-07
8.31592e-07
7.41922e-07
6.5251e-07
5.63701e-07
4.75825e-07
3.89195e-07
3.0411e-07
2.20851e-07
1.39682e-07
6.08493e-08
-1.54186e-08
-8.89116e-08
-1.59438e-07
-2.26824e-07
-2.90917e-07
-3.51578e-07
-4.08692e-07
-4.62158e-07
-5.11895e-07
-5.57839e-07
-5.99944e-07
-6.38179e-07
-6.72532e-07
-7.03004e-07
-7.29613e-07
-7.52393e-07
-7.71388e-07
-7.86659e-07
-7.98277e-07
-8.06327e-07
-8.10904e-07
-8.12114e-07
-8.10071e-07
-8.04899e-07
-7.9673e-07
-7.85704e-07
-7.71964e-07
-7.55663e-07
-7.36955e-07
-7.16001e-07
-6.92963e-07
-6.68005e-07
-6.41296e-07
-6.13003e-07
-5.83295e-07
-5.52338e-07
-5.203e-07
-4.87346e-07
-4.53638e-07
-4.19337e-07
-3.846e-07
-3.49579e-07
-3.14422e-07
-2.79274e-07
-2.44273e-07
-2.09552e-07
-1.75239e-07
-1.41454e-07
-1.08312e-07
-7.59215e-08
-4.43836e-08
-1.37926e-08
1.57643e-08
4.42072e-08
7.14632e-08
9.74668e-08
1.2216e-07
1.45492e-07
1.67418e-07
1.87902e-07
2.06915e-07
2.24434e-07
2.40442e-07
2.54931e-07
2.67896e-07
2.79341e-07
2.89275e-07
2.97713e-07
3.04673e-07
3.10182e-07
3.14268e-07
3.16968e-07
3.18319e-07
3.18363e-07
3.17148e-07
3.14723e-07
3.1114e-07
3.06455e-07
3.00726e-07
2.94012e-07
2.86375e-07
2.77878e-07
2.68585e-07
2.58562e-07
2.47873e-07
2.36585e-07
2.24764e-07
2.12475e-07
1.99784e-07
1.86755e-07
1.73451e-07
1.59935e-07
1.46269e-07
1.3251e-07
1.18718e-07
1.04947e-07
9.1251e-08
7.76821e-08
6.42891e-08
5.11185e-08
3.82146e-08
2.56189e-08
1.33702e-08
1.50449e-09
-9.94491e-09
-2.09476e-08
-3.14759e-08
-4.15053e-08
-5.10136e-08
-5.99821e-08
-6.83943e-08
-7.62369e-08
-8.34991e-08
-9.01729e-08
-9.62528e-08
-1.01736e-07
-1.06622e-07
-1.10913e-07
-1.14613e-07
-1.17728e-07
-1.20267e-07
-1.2224e-07
-1.2366e-07
-1.24541e-07
-1.24898e-07
-1.24749e-07
-1.24113e-07
-1.23008e-07
-1.21457e-07
-1.1948e-07
-1.17102e-07
-1.14346e-07
-1.11236e-07
-1.07797e-07
-1.04055e-07
-1.00034e-07
-9.57609e-08
-9.12616e-08
-8.65617e-08
-8.1687e-08
-7.66629e-08
-7.15147e-08
-6.6267e-08
-6.09441e-08
-5.55699e-08
-5.01672e-08
-4.47585e-08
-3.93655e-08
-3.40087e-08
-2.87082e-08
-2.34829e-08
-1.83506e-08
-1.33285e-08
-8.43247e-09
-3.67731e-09
9.23176e-10
5.3563e-09
9.61051e-09
1.36753e-08
1.75415e-08
2.12007e-08
2.4646e-08
2.78712e-08
3.08715e-08
3.36431e-08
3.61831e-08
3.84896e-08
4.0562e-08
4.24004e-08
4.40057e-08
4.53801e-08
4.65261e-08
4.74476e-08
4.81487e-08
4.86346e-08
4.89109e-08
4.89842e-08
4.88613e-08
4.85496e-08
4.80572e-08
4.73923e-08
4.65638e-08
4.55808e-08
4.44526e-08
4.31889e-08
4.17995e-08
4.02943e-08
3.86835e-08
3.69771e-08
3.51853e-08
3.33182e-08
3.13858e-08
2.93982e-08
2.73651e-08
2.52963e-08
2.3201e-08
2.10887e-08
1.89682e-08
1.68481e-08
1.4737e-08
1.26427e-08
1.0573e-08
8.5351e-09
6.53603e-09
4.58226e-09
2.67991e-09
8.34669e-10
-9.48211e-10
-2.6639e-09
-4.30801e-09
-5.87658e-09
-7.36612e-09
-8.77353e-09
-1.00962e-08
-1.13319e-08
-1.24788e-08
-1.35356e-08
-1.45013e-08
-1.53754e-08
-1.61575e-08
-1.6848e-08
-1.74473e-08
-1.79564e-08
-1.83764e-08
-1.87087e-08
-1.89554e-08
-1.91183e-08
-1.91999e-08
-1.92027e-08
-1.91295e-08
-1.89834e-08
-1.87674e-08
-1.84849e-08
-1.81394e-08
-1.77345e-08
-1.7274e-08
-1.67615e-08
-1.62011e-08
-1.55966e-08
-1.49519e-08
-1.42711e-08
-1.35581e-08
-1.2817e-08
